
Block[0][0]:
			[0][0]		[0][1]		[0][2]		[0][3]		[1][0]		[1][1]		[1][2]		[1][3]		[2][0]		[2][1]		[2][2]		[2][3]		[3][0]		[3][1]		[3][2]		[3][3]		
[0][0]:		0			1			-1			4.41		1			-1			-1			3.41		2			-1			-1			3.82		3			3.41		3.82		4.23		
[0][1]:		1			0			-1			4			1.41		-1			-1			3			2.41		-1			-1			3.41		3.41		3			3.41		3.82		
[0][2]:		-1			-1			0			-1			-1			-1			-1			-1			-1			-1			-1			-1			-1			-1			-1			-1			
[0][3]:		4.41		4			-1			0			4			-1			-1			1			4.41		-1			-1			2			4.82		3.82		3.41		3			
[1][0]:		1			1.41		-1			4			0			-1			-1			3			1			-1			-1			3.41		2			2.41		2.82		3.82		
[1][1]:		-1			-1			-1			-1			-1			-1			-1			-1			-1			-1			-1			-1			-1			-1			-1			-1			
[1][2]:		-1			-1			-1			-1			-1			-1			-1			-1			-1			-1			-1			-1			-1			-1			-1			-1			
[1][3]:		3.41		3			-1			1			3			-1			-1			0			3.41		-1			-1			1			3.82		2.82		2.41		2			
[2][0]:		2			2.41		-1			4.41		1			-1			-1			3.41		0			-1			-1			3			1			1.41		2.41		3.41		
[2][1]:		-1			-1			-1			-1			-1			-1			-1			-1			-1			-1			-1			-1			-1			-1			-1			-1			
[2][2]:		-1			-1			-1			-1			-1			-1			-1			-1			-1			-1			-1			-1			-1			-1			-1			-1			
[2][3]:		3.82		3.41		-1			2			3.41		-1			-1			1			3			-1			-1			0			3.41		2.41		1.41		1			
[3][0]:		3			3.41		-1			4.82		2			-1			-1			3.82		1			-1			-1			3.41		0			1			2			3			
[3][1]:		3.41		3			-1			3.82		2.41		-1			-1			2.82		1.41		-1			-1			2.41		1			0			1			2			
[3][2]:		3.82		3.41		-1			3.41		2.82		-1			-1			2.41		2.41		-1			-1			1.41		2			1			0			1			
[3][3]:		4.23		3.82		-1			3			3.82		-1			-1			2			3.41		-1			-1			1			3			2			1			0			

Block[0][1]:
			[0][0]		[0][1]		[0][2]		[0][3]		[1][0]		[1][1]		[1][2]		[1][3]		[2][0]		[2][1]		[2][2]		[2][3]		[3][0]		[3][1]		[3][2]		[3][3]		
[0][0]:		0			-1			4			4.41		1			-1			-1			4			2			-1			-1			4.41		3			3.41		3.82		4.82		
[0][1]:		-1			0			-1			-1			-1			-1			-1			-1			-1			-1			-1			-1			-1			-1			-1			-1			
[0][2]:		4			-1			0			1			3			-1			-1			1.41		3.41		-1			-1			2.41		3.82		3.41		3			3.41		
[0][3]:		4.41		-1			1			0			3.41		-1			-1			1			3.82		-1			-1			2			4.23		3.82		3.41		3			
[1][0]:		1			-1			3			3.41		0			-1			-1			3			1			-1			-1			3.41		2			2.41		2.82		3.82		
[1][1]:		-1			-1			-1			-1			-1			-1			-1			-1			-1			-1			-1			-1			-1			-1			-1			-1			
[1][2]:		-1			-1			-1			-1			-1			-1			-1			-1			-1			-1			-1			-1			-1			-1			-1			-1			
[1][3]:		4			-1			1.41		1			3			-1			-1			0			3.41		-1			-1			1			3.82		2.82		2.41		2			
[2][0]:		2			-1			3.41		3.82		1			-1			-1			3.41		0			-1			-1			3			1			1.41		2.41		3.41		
[2][1]:		-1			-1			-1			-1			-1			-1			-1			-1			-1			-1			-1			-1			-1			-1			-1			-1			
[2][2]:		-1			-1			-1			-1			-1			-1			-1			-1			-1			-1			-1			-1			-1			-1			-1			-1			
[2][3]:		4.41		-1			2.41		2			3.41		-1			-1			1			3			-1			-1			0			3.41		2.41		1.41		1			
[3][0]:		3			-1			3.82		4.23		2			-1			-1			3.82		1			-1			-1			3.41		0			1			2			3			
[3][1]:		3.41		-1			3.41		3.82		2.41		-1			-1			2.82		1.41		-1			-1			2.41		1			0			1			2			
[3][2]:		3.82		-1			3			3.41		2.82		-1			-1			2.41		2.41		-1			-1			1.41		2			1			0			1			
[3][3]:		4.82		-1			3.41		3			3.82		-1			-1			2			3.41		-1			-1			1			3			2			1			0			

Block[0][2]:
			[0][0]		[0][1]		[0][2]		[0][3]		[1][0]		[1][1]		[1][2]		[1][3]		[2][0]		[2][1]		[2][2]		[2][3]		[3][0]		[3][1]		[3][2]		[3][3]		
[0][0]:		0			-1			-1			-1			-1			-1			-1			-1			-1			-1			-1			-1			-1			-1			-1			-1			
[0][1]:		-1			0			1			-1			2			-1			-1			2.41		2.41		-1			-1			2.82		3.41		3			3.41		3.82		
[0][2]:		-1			1			0			-1			2.41		-1			-1			2			2.82		-1			-1			2.41		3.82		3.41		3			3.41		
[0][3]:		-1			-1			-1			0			-1			-1			-1			-1			-1			-1			-1			-1			-1			-1			-1			-1			
[1][0]:		-1			2			2.41		-1			0			-1			-1			3			1			-1			-1			3.41		2			2.41		2.82		3.82		
[1][1]:		-1			-1			-1			-1			-1			-1			-1			-1			-1			-1			-1			-1			-1			-1			-1			-1			
[1][2]:		-1			-1			-1			-1			-1			-1			-1			-1			-1			-1			-1			-1			-1			-1			-1			-1			
[1][3]:		-1			2.41		2			-1			3			-1			-1			0			3.41		-1			-1			1			3.82		2.82		2.41		2			
[2][0]:		-1			2.41		2.82		-1			1			-1			-1			3.41		0			-1			-1			3			1			1.41		2.41		3.41		
[2][1]:		-1			-1			-1			-1			-1			-1			-1			-1			-1			-1			-1			-1			-1			-1			-1			-1			
[2][2]:		-1			-1			-1			-1			-1			-1			-1			-1			-1			-1			-1			-1			-1			-1			-1			-1			
[2][3]:		-1			2.82		2.41		-1			3.41		-1			-1			1			3			-1			-1			0			3.41		2.41		1.41		1			
[3][0]:		-1			3.41		3.82		-1			2			-1			-1			3.82		1			-1			-1			3.41		0			1			2			3			
[3][1]:		-1			3			3.41		-1			2.41		-1			-1			2.82		1.41		-1			-1			2.41		1			0			1			2			
[3][2]:		-1			3.41		3			-1			2.82		-1			-1			2.41		2.41		-1			-1			1.41		2			1			0			1			
[3][3]:		-1			3.82		3.41		-1			3.82		-1			-1			2			3.41		-1			-1			1			3			2			1			0			

Block[0][3]:
			[0][0]		[0][1]		[0][2]		[0][3]		[1][0]		[1][1]		[1][2]		[1][3]		[2][0]		[2][1]		[2][2]		[2][3]		[3][0]		[3][1]		[3][2]		[3][3]		
[0][0]:		0			1			-1			4.41		1			-1			-1			3.41		2			-1			-1			3.82		3			3.41		3.82		4.23		
[0][1]:		1			0			-1			4			1.41		-1			-1			3			2.41		-1			-1			3.41		3.41		3			3.41		3.82		
[0][2]:		-1			-1			0			-1			-1			-1			-1			-1			-1			-1			-1			-1			-1			-1			-1			-1			
[0][3]:		4.41		4			-1			0			4			-1			-1			1			4.41		-1			-1			2			4.82		3.82		3.41		3			
[1][0]:		1			1.41		-1			4			0			-1			-1			3			1			-1			-1			3.41		2			2.41		2.82		3.82		
[1][1]:		-1			-1			-1			-1			-1			-1			-1			-1			-1			-1			-1			-1			-1			-1			-1			-1			
[1][2]:		-1			-1			-1			-1			-1			-1			-1			-1			-1			-1			-1			-1			-1			-1			-1			-1			
[1][3]:		3.41		3			-1			1			3			-1			-1			0			3.41		-1			-1			1			3.82		2.82		2.41		2			
[2][0]:		2			2.41		-1			4.41		1			-1			-1			3.41		0			-1			-1			3			1			1.41		2.41		3.41		
[2][1]:		-1			-1			-1			-1			-1			-1			-1			-1			-1			-1			-1			-1			-1			-1			-1			-1			
[2][2]:		-1			-1			-1			-1			-1			-1			-1			-1			-1			-1			-1			-1			-1			-1			-1			-1			
[2][3]:		3.82		3.41		-1			2			3.41		-1			-1			1			3			-1			-1			0			3.41		2.41		1.41		1			
[3][0]:		3			3.41		-1			4.82		2			-1			-1			3.82		1			-1			-1			3.41		0			1			2			3			
[3][1]:		3.41		3			-1			3.82		2.41		-1			-1			2.82		1.41		-1			-1			2.41		1			0			1			2			
[3][2]:		3.82		3.41		-1			3.41		2.82		-1			-1			2.41		2.41		-1			-1			1.41		2			1			0			1			
[3][3]:		4.23		3.82		-1			3			3.82		-1			-1			2			3.41		-1			-1			1			3			2			1			0			

Block[0][4]:
			[0][0]		[0][1]		[0][2]		[0][3]		[1][0]		[1][1]		[1][2]		[1][3]		[2][0]		[2][1]		[2][2]		[2][3]		[3][0]		[3][1]		[3][2]		[3][3]		
[0][0]:		0			-1			4			4.41		1			-1			-1			4			2			-1			-1			4.41		3			3.41		3.82		4.82		
[0][1]:		-1			0			-1			-1			-1			-1			-1			-1			-1			-1			-1			-1			-1			-1			-1			-1			
[0][2]:		4			-1			0			1			3			-1			-1			1.41		3.41		-1			-1			2.41		3.82		3.41		3			3.41		
[0][3]:		4.41		-1			1			0			3.41		-1			-1			1			3.82		-1			-1			2			4.23		3.82		3.41		3			
[1][0]:		1			-1			3			3.41		0			-1			-1			3			1			-1			-1			3.41		2			2.41		2.82		3.82		
[1][1]:		-1			-1			-1			-1			-1			-1			-1			-1			-1			-1			-1			-1			-1			-1			-1			-1			
[1][2]:		-1			-1			-1			-1			-1			-1			-1			-1			-1			-1			-1			-1			-1			-1			-1			-1			
[1][3]:		4			-1			1.41		1			3			-1			-1			0			3.41		-1			-1			1			3.82		2.82		2.41		2			
[2][0]:		2			-1			3.41		3.82		1			-1			-1			3.41		0			-1			-1			3			1			1.41		2.41		3.41		
[2][1]:		-1			-1			-1			-1			-1			-1			-1			-1			-1			-1			-1			-1			-1			-1			-1			-1			
[2][2]:		-1			-1			-1			-1			-1			-1			-1			-1			-1			-1			-1			-1			-1			-1			-1			-1			
[2][3]:		4.41		-1			2.41		2			3.41		-1			-1			1			3			-1			-1			0			3.41		2.41		1.41		1			
[3][0]:		3			-1			3.82		4.23		2			-1			-1			3.82		1			-1			-1			3.41		0			1			2			3			
[3][1]:		3.41		-1			3.41		3.82		2.41		-1			-1			2.82		1.41		-1			-1			2.41		1			0			1			2			
[3][2]:		3.82		-1			3			3.41		2.82		-1			-1			2.41		2.41		-1			-1			1.41		2			1			0			1			
[3][3]:		4.82		-1			3.41		3			3.82		-1			-1			2			3.41		-1			-1			1			3			2			1			0			

Block[1][0]:
			[0][0]		[0][1]		[0][2]		[0][3]		[1][0]		[1][1]		[1][2]		[1][3]		[2][0]		[2][1]		[2][2]		[2][3]		[3][0]		[3][1]		[3][2]		[3][3]		
[0][0]:		0			1			2			3			1			-1			-1			3.41		2			-1			-1			3.82		3			3.41		3.82		4.23		
[0][1]:		1			0			1			2			1.41		-1			-1			2.41		2.41		-1			-1			2.82		3.41		3			3.41		3.82		
[0][2]:		2			1			0			1			2.41		-1			-1			1.41		2.82		-1			-1			2.41		3.82		3.41		3			3.41		
[0][3]:		3			2			1			0			3.41		-1			-1			1			3.82		-1			-1			2			4.23		3.82		3.41		3			
[1][0]:		1			1.41		2.41		3.41		0			-1			-1			3			1			-1			-1			3.41		2			2.41		2.82		3.82		
[1][1]:		-1			-1			-1			-1			-1			-1			-1			-1			-1			-1			-1			-1			-1			-1			-1			-1			
[1][2]:		-1			-1			-1			-1			-1			-1			-1			-1			-1			-1			-1			-1			-1			-1			-1			-1			
[1][3]:		3.41		2.41		1.41		1			3			-1			-1			0			3.41		-1			-1			1			3.82		2.82		2.41		2			
[2][0]:		2			2.41		2.82		3.82		1			-1			-1			3.41		0			-1			-1			3			1			1.41		2.41		3.41		
[2][1]:		-1			-1			-1			-1			-1			-1			-1			-1			-1			-1			-1			-1			-1			-1			-1			-1			
[2][2]:		-1			-1			-1			-1			-1			-1			-1			-1			-1			-1			-1			-1			-1			-1			-1			-1			
[2][3]:		3.82		2.82		2.41		2			3.41		-1			-1			1			3			-1			-1			0			3.41		2.41		1.41		1			
[3][0]:		3			3.41		3.82		4.23		2			-1			-1			3.82		1			-1			-1			3.41		0			1			2			3			
[3][1]:		3.41		3			3.41		3.82		2.41		-1			-1			2.82		1.41		-1			-1			2.41		1			0			1			2			
[3][2]:		3.82		3.41		3			3.41		2.82		-1			-1			2.41		2.41		-1			-1			1.41		2			1			0			1			
[3][3]:		4.23		3.82		3.41		3			3.82		-1			-1			2			3.41		-1			-1			1			3			2			1			0			

Block[1][1]:
			[0][0]		[0][1]		[0][2]		[0][3]		[1][0]		[1][1]		[1][2]		[1][3]		[2][0]		[2][1]		[2][2]		[2][3]		[3][0]		[3][1]		[3][2]		[3][3]		
[0][0]:		0			1			2			3			1			-1			-1			3.41		2			-1			-1			3.82		3			3.41		3.82		4.23		
[0][1]:		1			0			1			2			1.41		-1			-1			2.41		2.41		-1			-1			2.82		3.41		3			3.41		3.82		
[0][2]:		2			1			0			1			2.41		-1			-1			1.41		2.82		-1			-1			2.41		3.82		3.41		3			3.41		
[0][3]:		3			2			1			0			3.41		-1			-1			1			3.82		-1			-1			2			4.23		3.82		3.41		3			
[1][0]:		1			1.41		2.41		3.41		0			-1			-1			3			1			-1			-1			3.41		2			2.41		2.82		3.82		
[1][1]:		-1			-1			-1			-1			-1			-1			-1			-1			-1			-1			-1			-1			-1			-1			-1			-1			
[1][2]:		-1			-1			-1			-1			-1			-1			-1			-1			-1			-1			-1			-1			-1			-1			-1			-1			
[1][3]:		3.41		2.41		1.41		1			3			-1			-1			0			3.41		-1			-1			1			3.82		2.82		2.41		2			
[2][0]:		2			2.41		2.82		3.82		1			-1			-1			3.41		0			-1			-1			3			1			1.41		2.41		3.41		
[2][1]:		-1			-1			-1			-1			-1			-1			-1			-1			-1			-1			-1			-1			-1			-1			-1			-1			
[2][2]:		-1			-1			-1			-1			-1			-1			-1			-1			-1			-1			-1			-1			-1			-1			-1			-1			
[2][3]:		3.82		2.82		2.41		2			3.41		-1			-1			1			3			-1			-1			0			3.41		2.41		1.41		1			
[3][0]:		3			3.41		3.82		4.23		2			-1			-1			3.82		1			-1			-1			3.41		0			1			2			3			
[3][1]:		3.41		3			3.41		3.82		2.41		-1			-1			2.82		1.41		-1			-1			2.41		1			0			1			2			
[3][2]:		3.82		3.41		3			3.41		2.82		-1			-1			2.41		2.41		-1			-1			1.41		2			1			0			1			
[3][3]:		4.23		3.82		3.41		3			3.82		-1			-1			2			3.41		-1			-1			1			3			2			1			0			

Block[1][2]:
			[0][0]		[0][1]		[0][2]		[0][3]		[1][0]		[1][1]		[1][2]		[1][3]		[2][0]		[2][1]		[2][2]		[2][3]		[3][0]		[3][1]		[3][2]		[3][3]		
[0][0]:		0			1			2			3			1			-1			-1			3.41		2			-1			-1			3.82		3			3.41		3.82		4.23		
[0][1]:		1			0			1			2			1.41		-1			-1			2.41		2.41		-1			-1			2.82		3.41		3			3.41		3.82		
[0][2]:		2			1			0			1			2.41		-1			-1			1.41		2.82		-1			-1			2.41		3.82		3.41		3			3.41		
[0][3]:		3			2			1			0			3.41		-1			-1			1			3.82		-1			-1			2			4.23		3.82		3.41		3			
[1][0]:		1			1.41		2.41		3.41		0			-1			-1			3			1			-1			-1			3.41		2			2.41		2.82		3.82		
[1][1]:		-1			-1			-1			-1			-1			-1			-1			-1			-1			-1			-1			-1			-1			-1			-1			-1			
[1][2]:		-1			-1			-1			-1			-1			-1			-1			-1			-1			-1			-1			-1			-1			-1			-1			-1			
[1][3]:		3.41		2.41		1.41		1			3			-1			-1			0			3.41		-1			-1			1			3.82		2.82		2.41		2			
[2][0]:		2			2.41		2.82		3.82		1			-1			-1			3.41		0			-1			-1			3			1			1.41		2.41		3.41		
[2][1]:		-1			-1			-1			-1			-1			-1			-1			-1			-1			-1			-1			-1			-1			-1			-1			-1			
[2][2]:		-1			-1			-1			-1			-1			-1			-1			-1			-1			-1			-1			-1			-1			-1			-1			-1			
[2][3]:		3.82		2.82		2.41		2			3.41		-1			-1			1			3			-1			-1			0			3.41		2.41		1.41		1			
[3][0]:		3			3.41		3.82		4.23		2			-1			-1			3.82		1			-1			-1			3.41		0			1			2			3			
[3][1]:		3.41		3			3.41		3.82		2.41		-1			-1			2.82		1.41		-1			-1			2.41		1			0			1			2			
[3][2]:		3.82		3.41		3			3.41		2.82		-1			-1			2.41		2.41		-1			-1			1.41		2			1			0			1			
[3][3]:		4.23		3.82		3.41		3			3.82		-1			-1			2			3.41		-1			-1			1			3			2			1			0			

Block[1][3]:
			[0][0]		[0][1]		[0][2]		[0][3]		[1][0]		[1][1]		[1][2]		[1][3]		[2][0]		[2][1]		[2][2]		[2][3]		[3][0]		[3][1]		[3][2]		[3][3]		
[0][0]:		0			1			2			3			1			-1			-1			3.41		2			-1			-1			3.82		3			3.41		3.82		4.23		
[0][1]:		1			0			1			2			1.41		-1			-1			2.41		2.41		-1			-1			2.82		3.41		3			3.41		3.82		
[0][2]:		2			1			0			1			2.41		-1			-1			1.41		2.82		-1			-1			2.41		3.82		3.41		3			3.41		
[0][3]:		3			2			1			0			3.41		-1			-1			1			3.82		-1			-1			2			4.23		3.82		3.41		3			
[1][0]:		1			1.41		2.41		3.41		0			-1			-1			3			1			-1			-1			3.41		2			2.41		2.82		3.82		
[1][1]:		-1			-1			-1			-1			-1			-1			-1			-1			-1			-1			-1			-1			-1			-1			-1			-1			
[1][2]:		-1			-1			-1			-1			-1			-1			-1			-1			-1			-1			-1			-1			-1			-1			-1			-1			
[1][3]:		3.41		2.41		1.41		1			3			-1			-1			0			3.41		-1			-1			1			3.82		2.82		2.41		2			
[2][0]:		2			2.41		2.82		3.82		1			-1			-1			3.41		0			-1			-1			3			1			1.41		2.41		3.41		
[2][1]:		-1			-1			-1			-1			-1			-1			-1			-1			-1			-1			-1			-1			-1			-1			-1			-1			
[2][2]:		-1			-1			-1			-1			-1			-1			-1			-1			-1			-1			-1			-1			-1			-1			-1			-1			
[2][3]:		3.82		2.82		2.41		2			3.41		-1			-1			1			3			-1			-1			0			3.41		2.41		1.41		1			
[3][0]:		3			3.41		3.82		4.23		2			-1			-1			3.82		1			-1			-1			3.41		0			1			2			3			
[3][1]:		3.41		3			3.41		3.82		2.41		-1			-1			2.82		1.41		-1			-1			2.41		1			0			1			2			
[3][2]:		3.82		3.41		3			3.41		2.82		-1			-1			2.41		2.41		-1			-1			1.41		2			1			0			1			
[3][3]:		4.23		3.82		3.41		3			3.82		-1			-1			2			3.41		-1			-1			1			3			2			1			0			

Block[1][4]:
			[0][0]		[0][1]		[0][2]		[0][3]		[1][0]		[1][1]		[1][2]		[1][3]		[2][0]		[2][1]		[2][2]		[2][3]		[3][0]		[3][1]		[3][2]		[3][3]		
[0][0]:		0			1			2			3			1			-1			-1			3.41		2			-1			-1			3.82		3			3.41		3.82		4.23		
[0][1]:		1			0			1			2			1.41		-1			-1			2.41		2.41		-1			-1			2.82		3.41		3			3.41		3.82		
[0][2]:		2			1			0			1			2.41		-1			-1			1.41		2.82		-1			-1			2.41		3.82		3.41		3			3.41		
[0][3]:		3			2			1			0			3.41		-1			-1			1			3.82		-1			-1			2			4.23		3.82		3.41		3			
[1][0]:		1			1.41		2.41		3.41		0			-1			-1			3			1			-1			-1			3.41		2			2.41		2.82		3.82		
[1][1]:		-1			-1			-1			-1			-1			-1			-1			-1			-1			-1			-1			-1			-1			-1			-1			-1			
[1][2]:		-1			-1			-1			-1			-1			-1			-1			-1			-1			-1			-1			-1			-1			-1			-1			-1			
[1][3]:		3.41		2.41		1.41		1			3			-1			-1			0			3.41		-1			-1			1			3.82		2.82		2.41		2			
[2][0]:		2			2.41		2.82		3.82		1			-1			-1			3.41		0			-1			-1			3			1			1.41		2.41		3.41		
[2][1]:		-1			-1			-1			-1			-1			-1			-1			-1			-1			-1			-1			-1			-1			-1			-1			-1			
[2][2]:		-1			-1			-1			-1			-1			-1			-1			-1			-1			-1			-1			-1			-1			-1			-1			-1			
[2][3]:		3.82		2.82		2.41		2			3.41		-1			-1			1			3			-1			-1			0			3.41		2.41		1.41		1			
[3][0]:		3			3.41		3.82		4.23		2			-1			-1			3.82		1			-1			-1			3.41		0			1			2			3			
[3][1]:		3.41		3			3.41		3.82		2.41		-1			-1			2.82		1.41		-1			-1			2.41		1			0			1			2			
[3][2]:		3.82		3.41		3			3.41		2.82		-1			-1			2.41		2.41		-1			-1			1.41		2			1			0			1			
[3][3]:		4.23		3.82		3.41		3			3.82		-1			-1			2			3.41		-1			-1			1			3			2			1			0			

Block[2][0]:
			[0][0]		[0][1]		[0][2]		[0][3]		[1][0]		[1][1]		[1][2]		[1][3]		[2][0]		[2][1]		[2][2]		[2][3]		[3][0]		[3][1]		[3][2]		[3][3]		
[0][0]:		0			1			2			3			1			-1			-1			4			2			-1			-1			5			3			3.41		4.41		5.41		
[0][1]:		1			0			1			2			1.41		-1			-1			3			2.41		-1			-1			4			3.41		3			4			5			
[0][2]:		2			1			0			1			2.41		-1			-1			2			3.41		-1			-1			3			4.41		4			5			4			
[0][3]:		3			2			1			0			3.41		-1			-1			1			4.41		-1			-1			2			5.41		5			4			3			
[1][0]:		1			1.41		2.41		3.41		0			-1			-1			4.41		1			-1			-1			5.41		2			2.41		3.41		4.41		
[1][1]:		-1			-1			-1			-1			-1			-1			-1			-1			-1			-1			-1			-1			-1			-1			-1			-1			
[1][2]:		-1			-1			-1			-1			-1			-1			-1			-1			-1			-1			-1			-1			-1			-1			-1			-1			
[1][3]:		4			3			2			1			4.41		-1			-1			0			5.41		-1			-1			1			5			4			3			2			
[2][0]:		2			2.41		3.41		4.41		1			-1			-1			5.41		0			-1			-1			4.41		1			1.41		2.41		3.41		
[2][1]:		-1			-1			-1			-1			-1			-1			-1			-1			-1			-1			-1			-1			-1			-1			-1			-1			
[2][2]:		-1			-1			-1			-1			-1			-1			-1			-1			-1			-1			-1			-1			-1			-1			-1			-1			
[2][3]:		5			4			3			2			5.41		-1			-1			1			4.41		-1			-1			0			4			3			2			1			
[3][0]:		3			3.41		4.41		5.41		2			-1			-1			5			1			-1			-1			4			0			1			2			3			
[3][1]:		3.41		3			4			5			2.41		-1			-1			4			1.41		-1			-1			3			1			0			1			2			
[3][2]:		4.41		4			5			4			3.41		-1			-1			3			2.41		-1			-1			2			2			1			0			1			
[3][3]:		5.41		5			4			3			4.41		-1			-1			2			3.41		-1			-1			1			3			2			1			0			

Block[2][1]:
			[0][0]		[0][1]		[0][2]		[0][3]		[1][0]		[1][1]		[1][2]		[1][3]		[2][0]		[2][1]		[2][2]		[2][3]		[3][0]		[3][1]		[3][2]		[3][3]		
[0][0]:		0			1			2			3			1			-1			-1			3.41		2			-1			-1			4.41		3			4			5			5.41		
[0][1]:		1			0			1			2			2			-1			-1			2.41		3			-1			-1			3.41		4			5			4			4.41		
[0][2]:		2			1			0			1			3			-1			-1			1.41		4			-1			-1			2.41		5			4			3			3.41		
[0][3]:		3			2			1			0			4			-1			-1			1			5			-1			-1			2			5.41		4.41		3.41		3			
[1][0]:		1			2			3			4			0			-1			-1			4.41		1			-1			-1			5.41		2			3			4			5			
[1][1]:		-1			-1			-1			-1			-1			-1			-1			-1			-1			-1			-1			-1			-1			-1			-1			-1			
[1][2]:		-1			-1			-1			-1			-1			-1			-1			-1			-1			-1			-1			-1			-1			-1			-1			-1			
[1][3]:		3.41		2.41		1.41		1			4.41		-1			-1			0			5.41		-1			-1			1			4.41		3.41		2.41		2			
[2][0]:		2			3			4			5			1			-1			-1			5.41		0			-1			-1			4.41		1			2			3			4			
[2][1]:		-1			-1			-1			-1			-1			-1			-1			-1			-1			-1			-1			-1			-1			-1			-1			-1			
[2][2]:		-1			-1			-1			-1			-1			-1			-1			-1			-1			-1			-1			-1			-1			-1			-1			-1			
[2][3]:		4.41		3.41		2.41		2			5.41		-1			-1			1			4.41		-1			-1			0			3.41		2.41		1.41		1			
[3][0]:		3			4			5			5.41		2			-1			-1			4.41		1			-1			-1			3.41		0			1			2			3			
[3][1]:		4			5			4			4.41		3			-1			-1			3.41		2			-1			-1			2.41		1			0			1			2			
[3][2]:		5			4			3			3.41		4			-1			-1			2.41		3			-1			-1			1.41		2			1			0			1			
[3][3]:		5.41		4.41		3.41		3			5			-1			-1			2			4			-1			-1			1			3			2			1			0			

Block[2][2]:
			[0][0]		[0][1]		[0][2]		[0][3]		[1][0]		[1][1]		[1][2]		[1][3]		[2][0]		[2][1]		[2][2]		[2][3]		[3][0]		[3][1]		[3][2]		[3][3]		
[0][0]:		0			1			2			3			-1			-1			-1			-1			-1			-1			-1			-1			-1			-1			-1			-1			
[0][1]:		1			0			1			2			-1			-1			-1			-1			-1			-1			-1			-1			-1			-1			-1			-1			
[0][2]:		2			1			0			1			-1			-1			-1			-1			-1			-1			-1			-1			-1			-1			-1			-1			
[0][3]:		3			2			1			0			-1			-1			-1			-1			-1			-1			-1			-1			-1			-1			-1			-1			
[1][0]:		-1			-1			-1			-1			0			-1			-1			-1			-1			-1			-1			-1			-1			-1			-1			-1			
[1][1]:		-1			-1			-1			-1			-1			-1			-1			-1			-1			-1			-1			-1			-1			-1			-1			-1			
[1][2]:		-1			-1			-1			-1			-1			-1			-1			-1			-1			-1			-1			-1			-1			-1			-1			-1			
[1][3]:		-1			-1			-1			-1			-1			-1			-1			0			-1			-1			-1			-1			-1			-1			-1			-1			
[2][0]:		-1			-1			-1			-1			-1			-1			-1			-1			0			-1			-1			-1			-1			-1			-1			-1			
[2][1]:		-1			-1			-1			-1			-1			-1			-1			-1			-1			-1			-1			-1			-1			-1			-1			-1			
[2][2]:		-1			-1			-1			-1			-1			-1			-1			-1			-1			-1			-1			-1			-1			-1			-1			-1			
[2][3]:		-1			-1			-1			-1			-1			-1			-1			-1			-1			-1			-1			0			-1			-1			-1			-1			
[3][0]:		-1			-1			-1			-1			-1			-1			-1			-1			-1			-1			-1			-1			0			-1			-1			-1			
[3][1]:		-1			-1			-1			-1			-1			-1			-1			-1			-1			-1			-1			-1			-1			0			-1			-1			
[3][2]:		-1			-1			-1			-1			-1			-1			-1			-1			-1			-1			-1			-1			-1			-1			0			1			
[3][3]:		-1			-1			-1			-1			-1			-1			-1			-1			-1			-1			-1			-1			-1			-1			1			0			

Block[2][3]:
			[0][0]		[0][1]		[0][2]		[0][3]		[1][0]		[1][1]		[1][2]		[1][3]		[2][0]		[2][1]		[2][2]		[2][3]		[3][0]		[3][1]		[3][2]		[3][3]		
[0][0]:		0			1			2			3			-1			-1			-1			-1			-1			-1			-1			-1			-1			-1			-1			-1			
[0][1]:		1			0			1			2			-1			-1			-1			-1			-1			-1			-1			-1			-1			-1			-1			-1			
[0][2]:		2			1			0			1			-1			-1			-1			-1			-1			-1			-1			-1			-1			-1			-1			-1			
[0][3]:		3			2			1			0			-1			-1			-1			-1			-1			-1			-1			-1			-1			-1			-1			-1			
[1][0]:		-1			-1			-1			-1			0			-1			-1			-1			-1			-1			-1			-1			-1			-1			-1			-1			
[1][1]:		-1			-1			-1			-1			-1			-1			-1			-1			-1			-1			-1			-1			-1			-1			-1			-1			
[1][2]:		-1			-1			-1			-1			-1			-1			-1			-1			-1			-1			-1			-1			-1			-1			-1			-1			
[1][3]:		-1			-1			-1			-1			-1			-1			-1			0			-1			-1			-1			-1			-1			-1			-1			-1			
[2][0]:		-1			-1			-1			-1			-1			-1			-1			-1			0			-1			-1			4.41		1			1.41		2.41		3.41		
[2][1]:		-1			-1			-1			-1			-1			-1			-1			-1			-1			-1			-1			-1			-1			-1			-1			-1			
[2][2]:		-1			-1			-1			-1			-1			-1			-1			-1			-1			-1			-1			-1			-1			-1			-1			-1			
[2][3]:		-1			-1			-1			-1			-1			-1			-1			-1			4.41		-1			-1			0			4			3			2			1			
[3][0]:		-1			-1			-1			-1			-1			-1			-1			-1			1			-1			-1			4			0			1			2			3			
[3][1]:		-1			-1			-1			-1			-1			-1			-1			-1			1.41		-1			-1			3			1			0			1			2			
[3][2]:		-1			-1			-1			-1			-1			-1			-1			-1			2.41		-1			-1			2			2			1			0			1			
[3][3]:		-1			-1			-1			-1			-1			-1			-1			-1			3.41		-1			-1			1			3			2			1			0			

Block[2][4]:
			[0][0]		[0][1]		[0][2]		[0][3]		[1][0]		[1][1]		[1][2]		[1][3]		[2][0]		[2][1]		[2][2]		[2][3]		[3][0]		[3][1]		[3][2]		[3][3]		
[0][0]:		0			1			2			3			-1			-1			-1			4			9.41		-1			-1			5			8.41		7.41		6.41		6			
[0][1]:		1			0			1			2			-1			-1			-1			3			8.41		-1			-1			4			7.41		6.41		5.41		5			
[0][2]:		2			1			0			1			-1			-1			-1			2			7.41		-1			-1			3			6.41		5.41		4.41		4			
[0][3]:		3			2			1			0			-1			-1			-1			1			6.41		-1			-1			2			5.41		4.41		3.41		3			
[1][0]:		-1			-1			-1			-1			0			-1			-1			-1			-1			-1			-1			-1			-1			-1			-1			-1			
[1][1]:		-1			-1			-1			-1			-1			-1			-1			-1			-1			-1			-1			-1			-1			-1			-1			-1			
[1][2]:		-1			-1			-1			-1			-1			-1			-1			-1			-1			-1			-1			-1			-1			-1			-1			-1			
[1][3]:		4			3			2			1			-1			-1			-1			0			5.41		-1			-1			1			4.41		3.41		2.41		2			
[2][0]:		9.41		8.41		7.41		6.41		-1			-1			-1			5.41		0			-1			-1			4.41		1			2			3			4			
[2][1]:		-1			-1			-1			-1			-1			-1			-1			-1			-1			-1			-1			-1			-1			-1			-1			-1			
[2][2]:		-1			-1			-1			-1			-1			-1			-1			-1			-1			-1			-1			-1			-1			-1			-1			-1			
[2][3]:		5			4			3			2			-1			-1			-1			1			4.41		-1			-1			0			3.41		2.41		1.41		1			
[3][0]:		8.41		7.41		6.41		5.41		-1			-1			-1			4.41		1			-1			-1			3.41		0			1			2			3			
[3][1]:		7.41		6.41		5.41		4.41		-1			-1			-1			3.41		2			-1			-1			2.41		1			0			1			2			
[3][2]:		6.41		5.41		4.41		3.41		-1			-1			-1			2.41		3			-1			-1			1.41		2			1			0			1			
[3][3]:		6			5			4			3			-1			-1			-1			2			4			-1			-1			1			3			2			1			0			

Block[3][0]:
			[0][0]		[0][1]		[0][2]		[0][3]		[1][0]		[1][1]		[1][2]		[1][3]		[2][0]		[2][1]		[2][2]		[2][3]		[3][0]		[3][1]		[3][2]		[3][3]		
[0][0]:		0			1			2			3			1			-1			-1			3.41		2			-1			-1			3.82		3			3.41		3.82		4.23		
[0][1]:		1			0			1			2			1.41		-1			-1			2.41		2.41		-1			-1			2.82		3.41		3			3.41		3.82		
[0][2]:		2			1			0			1			2.41		-1			-1			1.41		2.82		-1			-1			2.41		3.82		3.41		3			3.41		
[0][3]:		3			2			1			0			3.41		-1			-1			1			3.82		-1			-1			2			4.23		3.82		3.41		3			
[1][0]:		1			1.41		2.41		3.41		0			-1			-1			3			1			-1			-1			3.41		2			2.41		2.82		3.82		
[1][1]:		-1			-1			-1			-1			-1			-1			-1			-1			-1			-1			-1			-1			-1			-1			-1			-1			
[1][2]:		-1			-1			-1			-1			-1			-1			-1			-1			-1			-1			-1			-1			-1			-1			-1			-1			
[1][3]:		3.41		2.41		1.41		1			3			-1			-1			0			3.41		-1			-1			1			3.82		2.82		2.41		2			
[2][0]:		2			2.41		2.82		3.82		1			-1			-1			3.41		0			-1			-1			3			1			1.41		2.41		3.41		
[2][1]:		-1			-1			-1			-1			-1			-1			-1			-1			-1			-1			-1			-1			-1			-1			-1			-1			
[2][2]:		-1			-1			-1			-1			-1			-1			-1			-1			-1			-1			-1			-1			-1			-1			-1			-1			
[2][3]:		3.82		2.82		2.41		2			3.41		-1			-1			1			3			-1			-1			0			3.41		2.41		1.41		1			
[3][0]:		3			3.41		3.82		4.23		2			-1			-1			3.82		1			-1			-1			3.41		0			1			2			3			
[3][1]:		3.41		3			3.41		3.82		2.41		-1			-1			2.82		1.41		-1			-1			2.41		1			0			1			2			
[3][2]:		3.82		3.41		3			3.41		2.82		-1			-1			2.41		2.41		-1			-1			1.41		2			1			0			1			
[3][3]:		4.23		3.82		3.41		3			3.82		-1			-1			2			3.41		-1			-1			1			3			2			1			0			

Block[3][1]:
			[0][0]		[0][1]		[0][2]		[0][3]		[1][0]		[1][1]		[1][2]		[1][3]		[2][0]		[2][1]		[2][2]		[2][3]		[3][0]		[3][1]		[3][2]		[3][3]		
[0][0]:		0			1			2			3			1			-1			-1			3.41		2			-1			-1			3.82		3			3.41		3.82		4.23		
[0][1]:		1			0			1			2			1.41		-1			-1			2.41		2.41		-1			-1			2.82		3.41		3			3.41		3.82		
[0][2]:		2			1			0			1			2.41		-1			-1			1.41		2.82		-1			-1			2.41		3.82		3.41		3			3.41		
[0][3]:		3			2			1			0			3.41		-1			-1			1			3.82		-1			-1			2			4.23		3.82		3.41		3			
[1][0]:		1			1.41		2.41		3.41		0			-1			-1			3			1			-1			-1			3.41		2			2.41		2.82		3.82		
[1][1]:		-1			-1			-1			-1			-1			-1			-1			-1			-1			-1			-1			-1			-1			-1			-1			-1			
[1][2]:		-1			-1			-1			-1			-1			-1			-1			-1			-1			-1			-1			-1			-1			-1			-1			-1			
[1][3]:		3.41		2.41		1.41		1			3			-1			-1			0			3.41		-1			-1			1			3.82		2.82		2.41		2			
[2][0]:		2			2.41		2.82		3.82		1			-1			-1			3.41		0			-1			-1			3			1			1.41		2.41		3.41		
[2][1]:		-1			-1			-1			-1			-1			-1			-1			-1			-1			-1			-1			-1			-1			-1			-1			-1			
[2][2]:		-1			-1			-1			-1			-1			-1			-1			-1			-1			-1			-1			-1			-1			-1			-1			-1			
[2][3]:		3.82		2.82		2.41		2			3.41		-1			-1			1			3			-1			-1			0			3.41		2.41		1.41		1			
[3][0]:		3			3.41		3.82		4.23		2			-1			-1			3.82		1			-1			-1			3.41		0			1			2			3			
[3][1]:		3.41		3			3.41		3.82		2.41		-1			-1			2.82		1.41		-1			-1			2.41		1			0			1			2			
[3][2]:		3.82		3.41		3			3.41		2.82		-1			-1			2.41		2.41		-1			-1			1.41		2			1			0			1			
[3][3]:		4.23		3.82		3.41		3			3.82		-1			-1			2			3.41		-1			-1			1			3			2			1			0			

Block[3][2]:
			[0][0]		[0][1]		[0][2]		[0][3]		[1][0]		[1][1]		[1][2]		[1][3]		[2][0]		[2][1]		[2][2]		[2][3]		[3][0]		[3][1]		[3][2]		[3][3]		
[0][0]:		0			-1			-1			-1			1			-1			-1			-1			2			-1			-1			-1			3			-1			-1			-1			
[0][1]:		-1			0			-1			-1			-1			-1			-1			-1			-1			-1			-1			-1			-1			-1			-1			-1			
[0][2]:		-1			-1			0			1			-1			-1			-1			1.41		-1			-1			-1			2.41		-1			-1			3			3.41		
[0][3]:		-1			-1			1			0			-1			-1			-1			1			-1			-1			-1			2			-1			-1			3.41		3			
[1][0]:		1			-1			-1			-1			0			-1			-1			-1			1			-1			-1			-1			2			-1			-1			-1			
[1][1]:		-1			-1			-1			-1			-1			-1			-1			-1			-1			-1			-1			-1			-1			-1			-1			-1			
[1][2]:		-1			-1			-1			-1			-1			-1			-1			-1			-1			-1			-1			-1			-1			-1			-1			-1			
[1][3]:		-1			-1			1.41		1			-1			-1			-1			0			-1			-1			-1			1			-1			-1			2.41		2			
[2][0]:		2			-1			-1			-1			1			-1			-1			-1			0			-1			-1			-1			1			-1			-1			-1			
[2][1]:		-1			-1			-1			-1			-1			-1			-1			-1			-1			-1			-1			-1			-1			-1			-1			-1			
[2][2]:		-1			-1			-1			-1			-1			-1			-1			-1			-1			-1			-1			-1			-1			-1			-1			-1			
[2][3]:		-1			-1			2.41		2			-1			-1			-1			1			-1			-1			-1			0			-1			-1			1.41		1			
[3][0]:		3			-1			-1			-1			2			-1			-1			-1			1			-1			-1			-1			0			-1			-1			-1			
[3][1]:		-1			-1			-1			-1			-1			-1			-1			-1			-1			-1			-1			-1			-1			0			-1			-1			
[3][2]:		-1			-1			3			3.41		-1			-1			-1			2.41		-1			-1			-1			1.41		-1			-1			0			1			
[3][3]:		-1			-1			3.41		3			-1			-1			-1			2			-1			-1			-1			1			-1			-1			1			0			

Block[3][3]:
			[0][0]		[0][1]		[0][2]		[0][3]		[1][0]		[1][1]		[1][2]		[1][3]		[2][0]		[2][1]		[2][2]		[2][3]		[3][0]		[3][1]		[3][2]		[3][3]		
[0][0]:		0			1			2			3			1			-1			-1			3.41		2			-1			-1			3.82		3			3.41		3.82		4.23		
[0][1]:		1			0			1			2			1.41		-1			-1			2.41		2.41		-1			-1			2.82		3.41		3			3.41		3.82		
[0][2]:		2			1			0			1			2.41		-1			-1			1.41		2.82		-1			-1			2.41		3.82		3.41		3			3.41		
[0][3]:		3			2			1			0			3.41		-1			-1			1			3.82		-1			-1			2			4.23		3.82		3.41		3			
[1][0]:		1			1.41		2.41		3.41		0			-1			-1			3			1			-1			-1			3.41		2			2.41		2.82		3.82		
[1][1]:		-1			-1			-1			-1			-1			-1			-1			-1			-1			-1			-1			-1			-1			-1			-1			-1			
[1][2]:		-1			-1			-1			-1			-1			-1			-1			-1			-1			-1			-1			-1			-1			-1			-1			-1			
[1][3]:		3.41		2.41		1.41		1			3			-1			-1			0			3.41		-1			-1			1			3.82		2.82		2.41		2			
[2][0]:		2			2.41		2.82		3.82		1			-1			-1			3.41		0			-1			-1			3			1			1.41		2.41		3.41		
[2][1]:		-1			-1			-1			-1			-1			-1			-1			-1			-1			-1			-1			-1			-1			-1			-1			-1			
[2][2]:		-1			-1			-1			-1			-1			-1			-1			-1			-1			-1			-1			-1			-1			-1			-1			-1			
[2][3]:		3.82		2.82		2.41		2			3.41		-1			-1			1			3			-1			-1			0			3.41		2.41		1.41		1			
[3][0]:		3			3.41		3.82		4.23		2			-1			-1			3.82		1			-1			-1			3.41		0			1			2			3			
[3][1]:		3.41		3			3.41		3.82		2.41		-1			-1			2.82		1.41		-1			-1			2.41		1			0			1			2			
[3][2]:		3.82		3.41		3			3.41		2.82		-1			-1			2.41		2.41		-1			-1			1.41		2			1			0			1			
[3][3]:		4.23		3.82		3.41		3			3.82		-1			-1			2			3.41		-1			-1			1			3			2			1			0			

Block[3][4]:
			[0][0]		[0][1]		[0][2]		[0][3]		[1][0]		[1][1]		[1][2]		[1][3]		[2][0]		[2][1]		[2][2]		[2][3]		[3][0]		[3][1]		[3][2]		[3][3]		
[0][0]:		0			1			2			3			1			-1			-1			3.41		2			-1			-1			3.82		3			3.41		3.82		4.23		
[0][1]:		1			0			1			2			1.41		-1			-1			2.41		2.41		-1			-1			2.82		3.41		3			3.41		3.82		
[0][2]:		2			1			0			1			2.41		-1			-1			1.41		2.82		-1			-1			2.41		3.82		3.41		3			3.41		
[0][3]:		3			2			1			0			3.41		-1			-1			1			3.82		-1			-1			2			4.23		3.82		3.41		3			
[1][0]:		1			1.41		2.41		3.41		0			-1			-1			3			1			-1			-1			3.41		2			2.41		2.82		3.82		
[1][1]:		-1			-1			-1			-1			-1			-1			-1			-1			-1			-1			-1			-1			-1			-1			-1			-1			
[1][2]:		-1			-1			-1			-1			-1			-1			-1			-1			-1			-1			-1			-1			-1			-1			-1			-1			
[1][3]:		3.41		2.41		1.41		1			3			-1			-1			0			3.41		-1			-1			1			3.82		2.82		2.41		2			
[2][0]:		2			2.41		2.82		3.82		1			-1			-1			3.41		0			-1			-1			3			1			1.41		2.41		3.41		
[2][1]:		-1			-1			-1			-1			-1			-1			-1			-1			-1			-1			-1			-1			-1			-1			-1			-1			
[2][2]:		-1			-1			-1			-1			-1			-1			-1			-1			-1			-1			-1			-1			-1			-1			-1			-1			
[2][3]:		3.82		2.82		2.41		2			3.41		-1			-1			1			3			-1			-1			0			3.41		2.41		1.41		1			
[3][0]:		3			3.41		3.82		4.23		2			-1			-1			3.82		1			-1			-1			3.41		0			1			2			3			
[3][1]:		3.41		3			3.41		3.82		2.41		-1			-1			2.82		1.41		-1			-1			2.41		1			0			1			2			
[3][2]:		3.82		3.41		3			3.41		2.82		-1			-1			2.41		2.41		-1			-1			1.41		2			1			0			1			
[3][3]:		4.23		3.82		3.41		3			3.82		-1			-1			2			3.41		-1			-1			1			3			2			1			0			

Block[4][0]:
			[0][0]		[0][1]		[0][2]		[0][3]		[1][0]		[1][1]		[1][2]		[1][3]		[2][0]		[2][1]		[2][2]		[2][3]		[3][0]		[3][1]		[3][2]		[3][3]		
[0][0]:		0			1			2			3			1			-1			-1			3.41		2			-1			-1			3.82		3			3.41		-1			4.82		
[0][1]:		1			0			1			2			1.41		-1			-1			2.41		2.41		-1			-1			2.82		3.41		3			-1			3.82		
[0][2]:		2			1			0			1			2.41		-1			-1			1.41		2.82		-1			-1			2.41		3.82		3.41		-1			3.41		
[0][3]:		3			2			1			0			3.41		-1			-1			1			3.82		-1			-1			2			4.23		3.82		-1			3			
[1][0]:		1			1.41		2.41		3.41		0			-1			-1			3			1			-1			-1			3.41		2			2.41		-1			4.41		
[1][1]:		-1			-1			-1			-1			-1			-1			-1			-1			-1			-1			-1			-1			-1			-1			-1			-1			
[1][2]:		-1			-1			-1			-1			-1			-1			-1			-1			-1			-1			-1			-1			-1			-1			-1			-1			
[1][3]:		3.41		2.41		1.41		1			3			-1			-1			0			3.41		-1			-1			1			3.82		3.41		-1			2			
[2][0]:		2			2.41		2.82		3.82		1			-1			-1			3.41		0			-1			-1			3			1			1.41		-1			4			
[2][1]:		-1			-1			-1			-1			-1			-1			-1			-1			-1			-1			-1			-1			-1			-1			-1			-1			
[2][2]:		-1			-1			-1			-1			-1			-1			-1			-1			-1			-1			-1			-1			-1			-1			-1			-1			
[2][3]:		3.82		2.82		2.41		2			3.41		-1			-1			1			3			-1			-1			0			3.41		3			-1			1			
[3][0]:		3			3.41		3.82		4.23		2			-1			-1			3.82		1			-1			-1			3.41		0			1			-1			4.41		
[3][1]:		3.41		3			3.41		3.82		2.41		-1			-1			3.41		1.41		-1			-1			3			1			0			-1			4			
[3][2]:		-1			-1			-1			-1			-1			-1			-1			-1			-1			-1			-1			-1			-1			-1			0			-1			
[3][3]:		4.82		3.82		3.41		3			4.41		-1			-1			2			4			-1			-1			1			4.41		4			-1			0			

Block[4][1]:
			[0][0]		[0][1]		[0][2]		[0][3]		[1][0]		[1][1]		[1][2]		[1][3]		[2][0]		[2][1]		[2][2]		[2][3]		[3][0]		[3][1]		[3][2]		[3][3]		
[0][0]:		0			1			2			3			1			-1			-1			3.41		2			-1			-1			3.82		3			-1			3.82		4.23		
[0][1]:		1			0			1			2			1.41		-1			-1			2.41		2.41		-1			-1			2.82		3.41		-1			3.41		3.82		
[0][2]:		2			1			0			1			2.41		-1			-1			1.41		2.82		-1			-1			2.41		3.82		-1			3			3.41		
[0][3]:		3			2			1			0			3.41		-1			-1			1			3.82		-1			-1			2			4.82		-1			3.41		3			
[1][0]:		1			1.41		2.41		3.41		0			-1			-1			3			1			-1			-1			3.41		2			-1			3.41		3.82		
[1][1]:		-1			-1			-1			-1			-1			-1			-1			-1			-1			-1			-1			-1			-1			-1			-1			-1			
[1][2]:		-1			-1			-1			-1			-1			-1			-1			-1			-1			-1			-1			-1			-1			-1			-1			-1			
[1][3]:		3.41		2.41		1.41		1			3			-1			-1			0			3.41		-1			-1			1			4.41		-1			2.41		2			
[2][0]:		2			2.41		2.82		3.82		1			-1			-1			3.41		0			-1			-1			3			1			-1			3			3.41		
[2][1]:		-1			-1			-1			-1			-1			-1			-1			-1			-1			-1			-1			-1			-1			-1			-1			-1			
[2][2]:		-1			-1			-1			-1			-1			-1			-1			-1			-1			-1			-1			-1			-1			-1			-1			-1			
[2][3]:		3.82		2.82		2.41		2			3.41		-1			-1			1			3			-1			-1			0			4			-1			1.41		1			
[3][0]:		3			3.41		3.82		4.82		2			-1			-1			4.41		1			-1			-1			4			0			-1			4			4.41		
[3][1]:		-1			-1			-1			-1			-1			-1			-1			-1			-1			-1			-1			-1			-1			0			-1			-1			
[3][2]:		3.82		3.41		3			3.41		3.41		-1			-1			2.41		3			-1			-1			1.41		4			-1			0			1			
[3][3]:		4.23		3.82		3.41		3			3.82		-1			-1			2			3.41		-1			-1			1			4.41		-1			1			0			

Block[4][2]:
			[0][0]		[0][1]		[0][2]		[0][3]		[1][0]		[1][1]		[1][2]		[1][3]		[2][0]		[2][1]		[2][2]		[2][3]		[3][0]		[3][1]		[3][2]		[3][3]		
[0][0]:		0			-1			4			4.41		1			-1			-1			4			2			-1			-1			4.41		-1			3.41		3.82		-1			
[0][1]:		-1			0			-1			-1			-1			-1			-1			-1			-1			-1			-1			-1			-1			-1			-1			-1			
[0][2]:		4			-1			0			1			3			-1			-1			1.41		3.41		-1			-1			2.41		-1			3.41		3			-1			
[0][3]:		4.41		-1			1			0			3.41		-1			-1			1			3.82		-1			-1			2			-1			3.82		3.41		-1			
[1][0]:		1			-1			3			3.41		0			-1			-1			3			1			-1			-1			3.41		-1			2.41		2.82		-1			
[1][1]:		-1			-1			-1			-1			-1			-1			-1			-1			-1			-1			-1			-1			-1			-1			-1			-1			
[1][2]:		-1			-1			-1			-1			-1			-1			-1			-1			-1			-1			-1			-1			-1			-1			-1			-1			
[1][3]:		4			-1			1.41		1			3			-1			-1			0			3.41		-1			-1			1			-1			2.82		2.41		-1			
[2][0]:		2			-1			3.41		3.82		1			-1			-1			3.41		0			-1			-1			3			-1			2			2.41		-1			
[2][1]:		-1			-1			-1			-1			-1			-1			-1			-1			-1			-1			-1			-1			-1			-1			-1			-1			
[2][2]:		-1			-1			-1			-1			-1			-1			-1			-1			-1			-1			-1			-1			-1			-1			-1			-1			
[2][3]:		4.41		-1			2.41		2			3.41		-1			-1			1			3			-1			-1			0			-1			2.41		2			-1			
[3][0]:		-1			-1			-1			-1			-1			-1			-1			-1			-1			-1			-1			-1			0			-1			-1			-1			
[3][1]:		3.41		-1			3.41		3.82		2.41		-1			-1			2.82		2			-1			-1			2.41		-1			0			1			-1			
[3][2]:		3.82		-1			3			3.41		2.82		-1			-1			2.41		2.41		-1			-1			2			-1			1			0			-1			
[3][3]:		-1			-1			-1			-1			-1			-1			-1			-1			-1			-1			-1			-1			-1			-1			-1			0			

Block[4][3]:
			[0][0]		[0][1]		[0][2]		[0][3]		[1][0]		[1][1]		[1][2]		[1][3]		[2][0]		[2][1]		[2][2]		[2][3]		[3][0]		[3][1]		[3][2]		[3][3]		
[0][0]:		0			1			2			3			1			-1			-1			3.41		2			-1			-1			3.82		3			3.41		-1			4.82		
[0][1]:		1			0			1			2			1.41		-1			-1			2.41		2.41		-1			-1			2.82		3.41		3			-1			3.82		
[0][2]:		2			1			0			1			2.41		-1			-1			1.41		2.82		-1			-1			2.41		3.82		3.41		-1			3.41		
[0][3]:		3			2			1			0			3.41		-1			-1			1			3.82		-1			-1			2			4.23		3.82		-1			3			
[1][0]:		1			1.41		2.41		3.41		0			-1			-1			3			1			-1			-1			3.41		2			2.41		-1			4.41		
[1][1]:		-1			-1			-1			-1			-1			-1			-1			-1			-1			-1			-1			-1			-1			-1			-1			-1			
[1][2]:		-1			-1			-1			-1			-1			-1			-1			-1			-1			-1			-1			-1			-1			-1			-1			-1			
[1][3]:		3.41		2.41		1.41		1			3			-1			-1			0			3.41		-1			-1			1			3.82		3.41		-1			2			
[2][0]:		2			2.41		2.82		3.82		1			-1			-1			3.41		0			-1			-1			3			1			1.41		-1			4			
[2][1]:		-1			-1			-1			-1			-1			-1			-1			-1			-1			-1			-1			-1			-1			-1			-1			-1			
[2][2]:		-1			-1			-1			-1			-1			-1			-1			-1			-1			-1			-1			-1			-1			-1			-1			-1			
[2][3]:		3.82		2.82		2.41		2			3.41		-1			-1			1			3			-1			-1			0			3.41		3			-1			1			
[3][0]:		3			3.41		3.82		4.23		2			-1			-1			3.82		1			-1			-1			3.41		0			1			-1			4.41		
[3][1]:		3.41		3			3.41		3.82		2.41		-1			-1			3.41		1.41		-1			-1			3			1			0			-1			4			
[3][2]:		-1			-1			-1			-1			-1			-1			-1			-1			-1			-1			-1			-1			-1			-1			0			-1			
[3][3]:		4.82		3.82		3.41		3			4.41		-1			-1			2			4			-1			-1			1			4.41		4			-1			0			

Block[4][4]:
			[0][0]		[0][1]		[0][2]		[0][3]		[1][0]		[1][1]		[1][2]		[1][3]		[2][0]		[2][1]		[2][2]		[2][3]		[3][0]		[3][1]		[3][2]		[3][3]		
[0][0]:		0			1			2			3			1			-1			-1			3.41		2			-1			-1			3.82		3			-1			3.82		4.23		
[0][1]:		1			0			1			2			1.41		-1			-1			2.41		2.41		-1			-1			2.82		3.41		-1			3.41		3.82		
[0][2]:		2			1			0			1			2.41		-1			-1			1.41		2.82		-1			-1			2.41		3.82		-1			3			3.41		
[0][3]:		3			2			1			0			3.41		-1			-1			1			3.82		-1			-1			2			4.82		-1			3.41		3			
[1][0]:		1			1.41		2.41		3.41		0			-1			-1			3			1			-1			-1			3.41		2			-1			3.41		3.82		
[1][1]:		-1			-1			-1			-1			-1			-1			-1			-1			-1			-1			-1			-1			-1			-1			-1			-1			
[1][2]:		-1			-1			-1			-1			-1			-1			-1			-1			-1			-1			-1			-1			-1			-1			-1			-1			
[1][3]:		3.41		2.41		1.41		1			3			-1			-1			0			3.41		-1			-1			1			4.41		-1			2.41		2			
[2][0]:		2			2.41		2.82		3.82		1			-1			-1			3.41		0			-1			-1			3			1			-1			3			3.41		
[2][1]:		-1			-1			-1			-1			-1			-1			-1			-1			-1			-1			-1			-1			-1			-1			-1			-1			
[2][2]:		-1			-1			-1			-1			-1			-1			-1			-1			-1			-1			-1			-1			-1			-1			-1			-1			
[2][3]:		3.82		2.82		2.41		2			3.41		-1			-1			1			3			-1			-1			0			4			-1			1.41		1			
[3][0]:		3			3.41		3.82		4.82		2			-1			-1			4.41		1			-1			-1			4			0			-1			4			4.41		
[3][1]:		-1			-1			-1			-1			-1			-1			-1			-1			-1			-1			-1			-1			-1			0			-1			-1			
[3][2]:		3.82		3.41		3			3.41		3.41		-1			-1			2.41		3			-1			-1			1.41		4			-1			0			1			
[3][3]:		4.23		3.82		3.41		3			3.82		-1			-1			2			3.41		-1			-1			1			4.41		-1			1			0			
